       N       E                     dE             d eps       ncg     rms          rms(c)
DAV:   1     0.519321596398E+00    0.51932E+00   -0.48474E+02 56260   0.321E+01
DAV:   2    -0.317790515691E+01   -0.36972E+01   -0.35667E+01 63560   0.130E+01
DAV:   3    -0.320447646021E+01   -0.26571E-01   -0.26537E-01 60100   0.104E+00
DAV:   4    -0.320447707993E+01   -0.61972E-06   -0.61903E-06 61300   0.471E-03
   1 F= -.32044771E+01 E0= -.32044571E+01  d E =-.598999E-04
